192,65,77,0,0,0,140,0,0,20,80,84,0,75,168,24,128,238,88,3,192,61,183,116,0,132,240,186,0,64,229,12,88,29,246,224,0,8,98,172,92,166,2,65,0,64,111,46,0,1,96,183,0,64,64,7,0,32,0,10,128,24,64,16,96,75,4,240,0,192,205,43,0,31,8,0,224,40,229,80,0,0,190,100,0,252,92,98,128,35,6,19,0,66,55,212,64,129,35,96,
160,3,4,0,0,72,187,2,240,65,16,92,0,152,160,254,0,32,5,0,0,86,202,156,88,114,12,9,184,176,118,67,0,2,72,0,0,100,135,175,0,184,66,224,192,129,131,96,160,16,192,71,0,0,85,8,0,40,13,1,0,80,228,29,0,26,116,21,0,0,129,32,64,128,8,52,32,180,112,32,144,193,17,203,0,130,167,19,0,0,83,157,0,29,236,14,128,3,60,128,
208,231,186,65,72,237,20,14,208,199,14,184,0,2,34,85,40,236,32,0,16,84,47,100,16,3,82,12,32,1,66,193,0,128,54,60,48,245,137,115,192,180,5,20,0,32,143,43,0,194,158,97,0,160,40,1,0,32,36,1,96,212,2,19,0,224,0,98,8,43,46,216,64,192,193,79,16,151,201,180,0,93,226,127,128,4,69,14,0,122,224,212,128,56,20,0,64,34,92,231,
160,84,177,145,0,21,150,87,32,188,2,12,0,74,199,42,0,2,210,41,248,38,38,2,0,8,8,44,0,82,98,1,8,184,20,4,0,10,240,120,32,0,17,22,0,36,0,20,0,104,219,4,136,190,23,84,32,20,20,4,128,168,38,3,0,0,209,35,0,104,88,59,0,80,145,191,64,64,4,80,72,247,200,128,0,56,33,0,64,0,0,16,0,48,171,151,0,52,10,84,
192,158,66,141,0,80,122,35,0,202,199,193,0,80,18,77,0,236,55,9,0,130,2,130,128,15,204,142,56,8,9,59,0,35,1,57,64,2,121,235,192,226,162,9,0,92,236,32,0,60,78,147,0,68,70,41,224,80,213,1,128,203,63,53,0,61,251,0,16,75,243,40,0,200,207,14,0,248,144,0,64,17,114,1,32,224,249,7,0,70,201,245,8,48,0,80,0,0,128,34,
0,130,196,14,40,5,20,191,0,16,178,6,128,127,46,11,0,17,168,128,0,202,234,22,0,192,109,18,128,100,64,113,0,8,18,22,32,187,13,0,0,64,53,44,0,16,3,8,0,2,189,7,64,16,232,95,184,0,0,124,0,28,64,32,32,70,116,32,0,155,190,107,16,2,8,120,112,196,223,237,0,192,198,42,0,210,119,0,0,8,151,46,0,80,49,19,0,109,214,58,
0,9,80,201,0,76,212,171,144,21,94,168,128,32,246,91,156,187,151,79,32,248,97,172,64,236,81,80,208,0,65,4,0,59,32,2,0,0,212,109,184,196,56,28,192,153,5,128,0,78,96,5,0,56,71,17,0,224,1,8,64,104,161,1,0,0,2,120,0,103,177,32,128,128,104,87,0,196,33,0,0,200,168,0,48,243,91,43,0,224,104,32,16,93,221,64,0,192,144,50,
16,21,232,157,240,75,80,2,0,0,212,27,128,80,116,17,104,192,186,4,128,237,116,136,160,248,98,172,32,88,74,7,128,134,163,3,0,40,252,220,0,160,98,3,28,160,59,0,0,16,28,225,0,224,162,150,240,22,67,1,0,136,2,53,0,246,58,70,192,175,21,5,0,4,1,0,128,3,100,72,0,0,253,74,128,242,144,237,16,193,0,50,220,77,133,45,0,136,0,2,
128,57,5,7,192,205,81,30,64,237,85,113,0,8,5,1,32,1,0,1,0,0,218,246,128,34,68,245,16,103,102,200,0,164,85,230,0,42,129,3,0,112,25,11,72,244,0,62,64,131,47,169,16,114,148,1,0,206,34,17,0,128,4,16,88,124,45,73,0,32,195,250,220,163,79,124,120,15,81,225,224,80,132,40,224,8,209,94,8,168,22,29,0,0,208,23,0,27,0,0,
64,96,28,106,0,128,206,18,0,23,154,128,0,192,209,36,64,175,230,73,0,224,124,8,16,174,164,74,88,130,5,6,0,17,13,36,220,171,18,41,8,44,124,54,0,228,44,14,0,208,120,22,0,32,12,1,16,208,198,74,240,121,11,29,192,235,14,8,48,37,43,235,192,2,148,250,16,199,146,119,0,0,144,175,40,3,4,66,0,122,154,180,152,146,40,125,240,117,1,34,
192,102,164,91,120,144,99,11,192,51,240,52,0,202,206,31,32,3,130,16,136,214,2,5,0,4,58,30,0,80,151,101,112,215,143,62,32,112,22,4,64,40,138,11,0,152,253,46,224,64,105,224,0,80,18,4,88,96,65,196,112,245,38,90,0,176,23,68,168,73,203,73,0,0,138,64,16,75,160,202,0,0,64,64,0,201,13,3,32,172,79,254,0,212,109,204,224,168,247,2,
0,88,88,3,0,0,35,24,0,133,113,168,40,124,203,17,0,180,50,33,0,36,18,193,32,78,22,1,0,228,64,121,240,129,102,23,160,128,213,212,16,66,199,203,0,128,148,6,0,198,93,4,184,162,208,22,0,249,208,20,0,178,34,0,0,192,62,1,80,67,110,69,32,0,225,8,0,33,5,20,0,201,76,1,0,18,65,96,64,154,75,194,28,196,161,56,0,40,128,43,
0,64,69,36,80,215,11,75,0,4,28,245,128,228,97,243,240,168,42,234,0,64,103,86,224,130,3,197,136,26,34,95,0,0,102,151,0,16,50,20,0,231,87,51,0,38,144,135,192,166,65,72,128,160,8,0,64,64,41,5,112,193,15,78,192,81,113,6,0,92,41,34,0,142,146,32,16,45,97,0,192,6,39,32,0,28,175,232,0,181,40,2,8,65,12,132,0,204,118,146,
0,80,19,253,0,82,115,8,0,160,129,142,0,135,173,245,0,84,229,87,0,4,192,36,64,72,40,120,32,94,26,56,0,224,130,34,32,184,84,35,0,72,42,235,248,80,104,117,0,72,86,253,0,152,134,39,8,112,231,113,0,0,169,23,32,80,164,75,180,76,120,160,0,202,100,105,64,112,232,144,160,163,255,39,0,202,180,104,32,196,173,76,224,252,95,234,0,26,185,245,
72,184,152,231,0,124,85,143,0,141,68,23,160,249,56,1,0,49,27,168,0,48,146,0,128,105,150,0,16,190,156,64,0,36,0,24,56,233,210,194,88,64,28,33,64,56,5,42,64,0,32,244,192,33,60,32,0,192,133,19,128,67,156,25,0,66,128,50,0,14,0,155,0,0,20,0,128,180,1,2,128,214,17,0,0,0,64,0,16,83,66,174,16,1,0,164,0,224,58,21,
0,64,233,75,152,128,63,43,32,2,209,39,0,58,183,169,0,106,149,55,192,247,31,73,64,168,78,180,64,234,13,42,216,56,56,1,0,192,154,65,0,1,121,18,0,16,131,2,0,10,188,29,0,208,174,102,64,145,54,118,220,65,1,92,0,128,226,158,0,16,219,23,192,65,32,172,128,16,185,6,8,36,170,3,32,104,41,39,16,10,33,16,0,146,247,42,0,49,95,7,
0,84,142,118,0,153,173,19,0,127,19,108,0,116,97,32,0,16,171,249,0,72,69,6,8,120,32,73,0,10,34,253,0,112,248,151,0,22,77,6,220,92,167,123,0,64,148,10,64,16,78,225,16,208,64,71,8,0,74,170,0,138,95,50,184,90,228,17,224,125,113,174,0,228,78,88,8,128,158,58,128,128,253,0,128,64,53,0,0,64,33,67,0,14,166,57,0,8,64,13,
64,98,182,22,64,88,183,5,64,104,32,0,0,56,18,56,80,5,104,59,0,192,31,96,128,171,45,49,0,64,16,128,192,172,27,98,0,240,90,17,8,168,10,126,0,161,186,58,32,166,44,120,160,0,2,34,0,19,1,40,0,128,195,202,0,184,37,216,0,136,14,0,0,216,80,17,160,224,104,93,240,90,133,159,0,69,167,14,0,0,128,2,248,199,175,12,192,10,34,127,
0,184,58,4,0,0,128,64,0,24,164,0,192,1,32,3,0,168,191,128,0,44,11,130,0,144,240,12,0,68,198,43,0,192,149,18,48,48,32,57,0,72,65,54,0,161,25,14,0,6,229,136,144,175,11,93,112,112,176,20,0,81,0,78,224,2,104,90,8,226,191,165,0,130,97,87,16,224,142,176,0,16,128,27,0,156,6,2,88,186,34,8,128,4,75,77,28,230,5,72,
208,129,3,13,224,122,86,129,192,187,101,0,0,46,11,223,0,199,233,76,0,0,2,124,96,129,118,0,0,168,64,158,0,16,0,36,0,0,40,120,0,168,31,132,64,2,3,0,56,104,253,249,128,20,128,112,0,16,0,36,0,244,100,66,0,16,95,137,32,162,72,210,0,32,134,40,128,3,180,64,16,160,228,1,0,119,193,134,0,194,47,9,0,202,17,20,192,1,148,250,
0,32,62,128,0,0,56,94,128,208,5,82,128,19,132,0,64,79,63,78,0,9,210,163,128,168,30,0,112,48,95,9,0,76,213,21,0,64,52,137,0,192,44,2,64,220,1,40,0,8,204,203,0,0,244,0,112,59,203,63,32,85,213,68,128,132,144,5,128,196,0,122,128,66,64,90,64,205,123,2,0,156,168,64,0,145,85,3,0,228,199,6,168,183,149,74,0,19,81,11,
0,207,118,167,0,106,107,198,0,241,180,51,96,51,32,3,0,132,232,157,0,135,29,133,0,136,0,80,64,36,136,3,0,36,4,109,128,3,30,67,0,168,213,168,0,184,79,72,0,16,0,42,0,64,100,56,0,136,232,112,0,160,105,64,144,67,145,19,0,64,236,112,240,20,240,129,128,153,57,133,0,8,28,13,0,230,27,121,0,32,33,57,0,48,4,120,32,230,221,0,
224,65,65,85,56,85,126,224,0,40,240,34,0,16,130,63,0,216,18,2,0,0,194,81,0,128,100,154,16,1,32,123,0,162,240,39,0,7,74,2,0,120,143,4,0,64,157,0,96,202,39,85,136,32,252,212,0,144,185,64,0,16,64,204,20,1,60,129,64,35,33,31,16,67,129,33,128,37,13,16,0,16,239,239,48,175,163,42,64,155,31,172,224,220,41,117,8,66,9,1,
0,4,176,33,56,153,136,102,96,4,28,250,0,253,253,85,8,199,133,4,64,74,98,2,192,117,8,64,0,199,32,0,0,178,212,162,0,43,14,225,0,80,240,173,0,96,0,136,0,32,74,252,0,166,129,68,32,0,21,73,128,4,46,16,0,67,46,33,112,2,130,8,0,28,84,16,224,31,28,56,224,128,126,30,64,0,232,48,144,240,75,81,0,12,163,2,0,144,40,57,
0,64,55,8,0,180,83,7,0,120,64,7,40,4,162,88,224,16,80,56,0,160,147,112,64,8,130,255,72,3,0,29,0,224,64,63,0,246,129,48,0,13,203,0,0,62,136,22,192,116,128,136,16,0,11,92,0,64,80,100,0,132,221,98,128,152,157,234,0,202,0,13,0,112,226,15,8,0,136,4,0,4,24,147,128,195,0,0,128,107,144,72,0,40,104,41,160,191,87,207,
0,208,67,192,0,56,231,0,0,4,179,197,0,1,0,27,16,107,7,7,40,88,164,144,0,28,176,150,88,179,224,168,32,2,96,48,156,10,1,26,8,168,254,50,192,77,8,0,0,226,64,27,64,168,94,165,224,144,12,93,0,128,160,199,224,111,199,32,0,200,101,135,0,17,72,158,0,42,144,213,128,98,232,123,60,83,192,33,248,1,143,23,0,234,75,72,192,46,88,92,
0,39,138,113,176,128,131,149,0,176,164,76,48,68,77,3,0,68,58,23,16,177,34,0,112,12,232,243,0,225,1,108,0,0,4,8,224,87,197,217,0,28,170,41,32,64,120,8,32,34,34,143,0,0,8,18,0,160,138,187,32,30,200,25,192,197,197,87,0,244,52,0,0,30,203,28,192,20,4,2,0,224,64,2,0,168,50,178,0,32,160,235,64,108,159,0,0,4,210,156,
40,148,255,154,0,132,149,82,128,43,168,0,0,180,99,23,16,64,46,157,0,56,38,9,64,224,234,3,0,16,10,64,48,101,7,114,32,224,217,11,80,37,113,175,0,32,199,0,0,232,184,64,240,158,219,42,0,128,62,224,0,28,80,1,168,33,26,32,128,5,1,32,0,89,4,52,40,166,248,94,128,26,185,43,0,0,7,0,0,144,208,32,0,224,162,56,128,52,33,160,
0,0,41,2,64,28,165,62,8,180,21,0,0,240,130,0,0,47,140,0,224,208,9,226,240,11,156,6,0,40,140,166,128,49,128,97,0,16,160,56,220,17,253,16,0,72,111,139,128,112,36,16,128,0,32,252,64,147,237,41,32,198,21,96,160,9,12,48,32,124,86,66,0,52,31,128,16,91,239,235,248,48,0,0,0,202,83,65,224,83,245,17,0,64,41,62,128,113,32,253,
0,181,97,80,0,200,173,115,192,15,137,36,24,62,126,1,0,128,152,0,0,128,48,193,0,0,192,113,0,18,127,11,0,128,34,49,64,128,80,41,216,125,144,1,0,192,78,1,64,230,106,60,0,206,8,138,0,66,42,12,0,32,128,28,0,190,124,14,28,125,227,248,0,166,130,2,0,130,40,0,0,32,176,169,64,135,0,2,8,92,229,11,0,146,233,224,0,0,96,70,
0,72,155,220,16,66,192,238,176,1,65,209,0,192,130,178,64,94,86,24,224,56,216,69,0,160,88,15,0,240,13,1,40,209,255,32,0,160,152,70,0,160,66,6,128,96,59,46,0,32,252,34,8,24,75,78,0,16,35,177,0,234,80,32,64,88,237,21,216,7,113,126,0,0,40,152,0,205,206,100,0,240,16,129,0,144,93,40,0,32,130,131,0,0,215,194,128,0,0,4,
184,83,23,232,128,67,162,18,0,168,9,1,28,136,128,11,64,190,171,218,0,87,129,64,0,19,9,225,0,76,46,176,0,128,42,17,160,6,8,128,0,73,28,1,0,80,46,239,0,36,245,132,64,0,66,70,0,72,159,2,28,121,173,182,0,48,41,22,64,16,66,129,160,79,4,27,0,48,138,143,32,48,76,8,0,116,135,65,144,59,5,5,8,132,159,38,16,14,8,8,
56,239,220,7,128,0,112,22,0,34,50,231,40,122,5,6,128,8,96,225,0,192,79,231,160,223,69,208,0,64,80,58,0,128,20,4,64,104,96,113,0,36,146,7,0,136,198,28,0,156,72,93,16,112,220,73,0,180,224,193,0,112,17,32,0,7,127,0,0,16,133,0,96,102,215,19,168,51,218,224,0,168,253,22,0,0,64,18,28,32,160,224,64,15,136,4,0,160,8,33,
128,152,184,4,0,0,232,33,112,241,36,72,32,149,111,2,160,98,70,4,0,0,128,1,0,34,1,0,0,100,226,0,0,90,194,54,0,0,20,0,136,225,7,0,0,48,18,23,16,128,132,11,0,192,129,10,0,64,51,168,128,103,105,103,112,192,221,50,0,124,146,116,160,214,67,2,0,128,2,144,0,0,183,7,0,212,147,162,0,20,101,128,0,32,8,26,0,200,195,7,
224,9,0,80,0,201,37,72,64,120,28,72,16,33,8,64,168,32,34,195,128,95,106,100,0,28,65,116,128,47,227,117,0,128,44,44,136,140,39,78,0,150,152,75,0,188,128,21,72,16,4,67,0,4,228,39,0,176,5,112,64,80,145,248,0,164,73,102,0,0,16,87,0,80,46,9,16,78,231,39,0,72,105,8,0,41,204,2,128,40,20,160,64,240,138,139,0,16,195,110,
176,194,10,237,0,20,210,197,96,103,224,87,0,8,149,152,0,30,42,42,224,38,224,23,0,2,4,27,128,219,162,1,224,144,206,139,0,36,4,44,16,163,176,46,0,240,5,15,128,128,11,8,192,65,34,12,32,120,83,4,156,176,11,22,0,130,50,63,0,80,0,0,0,136,34,133,0,0,160,160,216,106,130,0,0,232,139,17,0,184,179,77,0,89,1,40,32,94,6,93,
0,82,128,7,128,224,178,200,224,46,130,40,192,241,97,128,0,48,21,88,128,131,94,166,0,87,58,233,184,192,33,27,0,100,80,182,0,36,56,85,0,80,0,249,16,14,154,16,128,45,30,64,0,68,130,112,0,0,105,44,0,7,129,180,0,226,165,163,32,24,149,14,168,141,12,64,0,80,250,162,0,88,120,164,128,72,171,1,28,77,16,20,32,8,125,146,0,72,189,160,
0,64,10,246,8,10,120,209,0,40,134,12,184,32,193,6,0,199,55,95,0,8,230,82,40,144,8,126,128,80,210,0,0,164,17,0,188,176,38,0,0,247,166,34,0,136,3,77,0,68,33,1,192,0,174,120,48,101,185,233,0,34,45,94,176,148,255,13,0,232,137,72,0,160,151,41,64,112,74,36,192,227,188,0,192,97,96,82,0,16,32,203,64,131,160,33,0,0,104,10,
0,200,37,122,128,22,101,173,16,11,248,185,32,239,126,230,0,200,105,57,0,0,68,43,128,203,234,47,0,0,128,142,32,232,142,167,216,129,2,7,56,1,188,3,0,68,64,10,112,128,72,161,8,8,234,206,0,152,75,34,176,254,101,2,0,100,144,8,0,228,73,9,0,64,208,39,112,16,32,32,0,152,0,176,144,162,14,0,0,9,72,4,0,32,39,4,0,222,3,64,
144,117,229,188,248,16,68,0,0,7,129,24,0,4,0,45,0,2,77,60,128,56,240,192,0,0,156,119,0,64,72,122,192,122,166,129,24,18,135,146,160,131,0,28,64,145,4,157,248,167,182,85,64,208,230,36,192,23,0,144,64,56,241,231,0,56,248,44,128,33,12,85,96,127,240,14,0,2,0,129,0,36,33,15,128,0,178,214,112,7,0,37,28,101,24,111,16,2,56,98,
88,170,130,210,0,252,40,40,0,7,187,223,0,204,83,70,0,16,92,15,128,235,23,72,128,183,57,25,16,144,20,23,64,192,202,69,64,237,2,47,192,9,30,64,0,175,112,239,0,37,192,163,0,112,5,72,128,86,73,249,128,195,104,131,8,202,128,208,32,4,114,5,0,184,78,8,0,156,68,1,0,14,144,54,0,20,128,124,96,54,183,157,64,121,215,2,192,197,60,113,
0,15,71,40,0,112,113,167,0,42,91,0,128,122,185,248,128,140,20,221,96,104,242,50,64,13,168,71,0,88,57,218,0,88,108,131,0,16,12,167,8,176,218,18,0,187,106,33,48,207,9,145,32,76,61,32,128,141,55,6,176,91,56,78,0,28,32,21,0,239,136,4,160,88,213,241,64,42,103,32,0,36,47,95,188,39,69,185,0,224,37,104,0,113,62,14,160,130,236,44,
128,136,195,3,32,64,93,249,224,66,124,114,192,17,120,6,0,212,5,136,224,234,184,0,0,128,171,114,192,158,136,18,0,176,216,154,40,230,23,0,192,53,2,112,0,14,148,0,64,0,165,86,0,64,219,8,0,86,130,64,0,56,243,226,28,136,166,10,64,0,244,31,0,109,81,3,0,161,20,112,0,170,8,1,128,83,19,7,0,142,20,22,192,32,19,0,96,142,139,192,
136,64,3,54,0,208,135,2,0,16,87,0,32,192,212,127,0,240,83,104,16,3,201,234,0,64,144,2,0,2,86,233,48,142,22,255,192,144,82,38,0,0,144,58,8,82,69,64,80,102,151,225,56,13,100,72,128,16,68,23,128,83,248,120,8,0,184,4,128,27,149,3,128,132,88,18,0,10,173,66,184,174,146,224,128,224,131,120,112,176,77,4,64,48,0,16,0,112,1,128,
0,122,66,5,32,164,88,3,128,130,112,0,0,146,56,56,136,122,113,33,0,0,249,218,0,0,4,80,8,114,39,19,0,0,245,144,0,0,28,64,28,132,235,17,128,211,223,71,208,66,128,67,0,216,12,72,0,0,128,115,0,18,242,97,0,64,129,19,224,160,213,27,64,64,106,16,72,179,240,190,0,217,36,32,0,156,147,24,0,144,208,10,0,63,72,31,192,164,156,1,
16,68,62,30,0,56,90,251,0,66,12,0,88,64,95,208,0,0,0,240,0,36,32,2,48,29,200,1,0,98,64,2,64,230,24,129,64,179,66,29,0,64,48,42,160,151,27,187,0,232,147,52,0,0,35,16,128,47,223,232,0,16,116,8,144,251,13,0,52,18,160,23,0,16,30,0,24,58,198,1,80,44,24,16,28,38,51,29,8,164,182,3,0,6,175,128,0,76,245,112,
32,5,114,12,224,26,22,15,0,34,142,173,0,4,146,4,0,106,196,0,32,52,14,70,0,50,2,64,0,120,38,3,220,155,152,77,192,33,8,112,0,0,227,226,192,190,242,4,0,32,147,77,0,216,67,194,0,193,211,4,16,170,183,33,0,156,20,103,0,227,182,73,0,120,1,183,0,24,217,132,0,66,185,143,224,250,35,129,192,42,126,105,32,14,32,62,0,17,133,110,
0,40,107,111,0,0,64,225,0,152,239,9,0,192,228,81,128,8,218,23,0,24,2,135,192,221,176,102,0,6,176,128,88,0,31,182,128,92,68,185,0,71,16,16,0,118,16,0,0,8,141,42,0,20,50,11,128,73,5,71,252,225,20,243,0,0,175,40,0,32,219,11,0,122,171,127,0,128,238,142,0,248,22,2,32,80,176,32,16,116,165,120,0,132,6,26,144,54,1,108,
240,187,225,125,0,237,189,83,0,144,16,32,224,0,112,60,64,174,64,106,160,49,96,128,0,232,15,57,0,20,16,47,192,161,189,0,0,8,160,0,28,194,9,14,0,218,16,131,0,222,98,64,0,169,254,5,8,192,137,37,0,162,39,184,248,15,51,88,0,192,113,4,0,208,6,208,8,16,7,35,128,49,51,144,32,85,146,65,220,253,184,8,0,208,142,10,0,47,106,210,
0,0,227,0,64,140,4,182,128,92,111,224,160,0,244,83,32,192,3,55,0,64,161,124,128,67,48,20,192,143,66,5,0,26,250,25,0,100,192,226,0,64,33,237,128,176,40,51,0,56,149,80,0,74,171,250,0,8,208,137,208,28,140,0,0,64,237,57,0,8,169,70,40,44,120,76,224,14,152,187,0,24,228,82,72,149,218,135,128,14,43,0,128,203,162,52,0,130,62,254,
0,199,148,59,0,16,129,95,16,8,49,6,112,143,122,66,92,255,34,124,16,14,28,137,0,112,15,116,0,34,2,120,0,210,157,203,0,32,43,34,0,208,112,183,0,96,120,122,0,225,7,121,0,128,114,61,224,151,97,113,128,160,158,42,0,0,26,33,160,108,2,20,16,6,224,156,0,176,117,11,168,185,110,187,128,176,102,72,152,106,26,40,208,165,130,59,64,150,15,239,
120,160,199,17,0,200,192,3,64,18,215,3,32,79,66,89,176,132,70,112,0,208,148,215,224,1,218,80,112,131,131,88,0,212,137,6,64,128,138,32,224,33,150,252,0,192,206,19,56,116,13,241,128,50,132,2,0,120,233,99,0,192,127,6,224,7,14,64,0,104,3,202,16,223,70,49,0,177,14,73,0,144,128,2,128,170,35,0,0,97,147,16,0,208,218,5,0,128,0,109,
64,98,32,0,0,37,53,68,52,136,8,182,0,0,110,64,144,115,170,8,0,40,197,157,128,213,181,0,0,8,34,231,64,64,140,100,0,0,200,119,8,207,31,165,224,46,232,3,0,192,1,90,64,59,82,81,0,78,51,43,40,234,166,32,192,225,5,166,32,33,240,18,0,91,0,66,0,128,84,163,0,96,128,7,64,160,153,176,0,8,64,119,0,236,126,23,0,0,66,15,
64,231,0,116,0,228,8,0,0,0,34,32,240,10,132,174,0,33,233,2,96,16,100,40,136,218,120,66,128,35,36,164,0,64,152,119,28,56,185,30,0,206,21,56,0,2,210,26,0,64,170,101,0,82,31,225,176,175,64,32,192,193,8,194,16,200,130,92,0,102,15,245,64,36,168,243,248,167,2,159,0,144,171,12,128,19,172,14,8,26,10,42,0,0,128,84,16,16,248,63,
0,128,170,255,0,170,176,91,128,56,109,213,0,32,161,0,0,175,162,32,0,130,2,0,0,0,14,0,0,59,240,165,0,234,7,140,0,226,33,42,248,208,161,11,0,26,122,226,0,192,106,149,8,124,212,117,0,12,171,4,128,20,65,67,168,0,82,34,0,202,4,120,0,64,65,231,0,64,55,48,0,120,240,35,0,4,22,39,224,239,0,208,0,64,112,0,72,36,181,100,
0,84,147,64,0,0,106,69,0,186,1,70,0,52,17,0,0,2,78,12,128,32,32,16,16,158,128,10,0,103,89,1,56,221,57,137,0,14,130,72,0,143,0,136,0,100,131,104,248,56,224,36,0,230,112,245,32,144,223,168,128,130,32,131,0,14,31,9,240,202,162,1,0,148,1,156,192,28,36,1,32,1,141,201,16,179,82,136,16,225,178,26,28,164,38,26,128,120,35,0,
88,97,241,50,80,2,144,145,28,24,92,240,0,128,191,224,0,94,152,246,64,136,67,0,64,186,254,107,0,5,22,190,0,160,35,29,0,53,6,87,0,80,255,65,0,13,132,184,0,86,14,68,192,105,117,144,124,206,31,1,0,112,224,99,0,4,70,29,0,160,16,0,0,162,17,243,16,1,124,5,32,72,113,192,16,66,34,25,0,237,4,156,0,0,228,23,0,141,65,64,
0,218,249,53,224,8,194,68,0,128,35,234,192,0,226,239,32,97,253,52,40,212,109,0,0,16,113,17,0,64,104,23,160,136,132,209,220,196,129,19,0,0,14,200,0,0,128,131,208,105,224,63,0,128,211,8,0,74,33,15,0,56,135,228,96,61,36,80,0,128,192,1,0,8,34,10,0,4,194,26,0,1,166,64,28,128,174,154,40,204,138,18,128,112,142,54,64,193,195,115,
0,0,7,1,48,121,4,0,0,200,74,10,16,17,26,0,0,0,64,165,16,65,140,6,0,0,227,56,192,235,11,2,0,0,130,11,0,164,251,122,192,80,5,0,160,50,249,135,0,0,32,39,128,6,79,181,208,238,157,48,0,0,76,194,28,212,170,15,0,128,158,203,0,224,129,8,64,0,172,248,0,208,83,42,216,8,172,146,192,60,34,76,0,0,196,9,128,231,104,26,
8,224,96,212,0,8,81,12,224,133,27,40,0,80,20,0,0,192,207,127,0,146,234,87,64,65,232,5,0,0,56,0,0,0,49,2,0,2,61,1,0,65,56,137,0,248,196,96,128,104,73,66,176,21,227,70,0,0,234,2,224,14,95,175,8,24,142,48,64,138,65,9,16,40,99,139,168,40,120,133,0,20,44,10,64,48,121,148,128,7,21,66,28,128,22,246,32,128,188,142,
224,170,0,245,0,64,221,22,64,78,130,161,0,176,175,31,128,233,111,190,64,200,121,66,0,56,15,7,0,143,35,190,0,8,224,148,112,7,65,72,28,23,160,7,0,1,40,2,128,130,35,81,0,64,148,182,0,125,60,0,8,72,99,50,32,174,216,9,160,219,224,244,0,35,139,145,0,128,80,96,0,60,103,48,192,1,128,128,176,6,100,59,192,233,8,9,0,1,82,2,
0,200,1,128,0,89,92,79,144,7,17,95,0,246,14,32,32,0,1,28,0,0,4,28,112,80,67,128,192,15,14,180,0,14,20,31,8,8,120,128,176,141,17,32,0,80,14,32,0,68,224,44,0,8,33,218,0,60,238,8,0,2,168,4,160,164,9,0,224,200,158,3,192,198,38,4,0,33,116,22,112,1,128,5,28,59,111,29,32,71,228,102,0,156,113,0,32,240,104,151,
0,186,129,0,0,1,197,41,176,131,243,71,0,144,38,0,0,120,131,143,224,252,194,1,64,188,33,16,0,73,32,100,60,120,66,9,0,160,182,138,0,0,39,137,160,1,224,2,64,84,179,228,240,1,240,12,0,170,248,92,128,123,21,170,0,64,104,13,72,98,208,7,56,144,229,30,128,0,1,25,0,80,205,121,0,52,135,16,0,160,23,79,160,8,37,8,0,69,80,214,
16,176,64,240,0,238,14,18,64,106,143,59,156,64,65,201,64,132,192,17,32,84,178,149,128,129,128,163,0,98,248,140,0,72,80,240,0,220,177,7,0,112,32,0,96,14,5,88,136,36,123,129,0,16,0,112,0,154,212,216,28,192,121,4,0,32,29,80,16,67,90,82,208,169,221,11,0,224,31,68,176,214,110,77,32,40,38,160,176,60,28,169,32,246,164,185,80,0,5,58,
0,200,54,118,0,80,0,6,240,88,73,114,8,72,132,202,0,82,67,69,144,135,153,40,0,56,209,204,0,92,65,18,128,59,62,101,0,128,116,250,0,128,197,92,0,216,193,232,128,36,178,194,32,192,232,39,32,66,160,84,0,59,109,36,112,176,21,190,0,142,64,1,224,61,89,119,232,128,171,226,0,2,104,51,48,245,206,63,0,1,119,138,0,64,182,118,128,80,70,119,
0,81,253,117,0,168,159,9,8,0,114,20,224,231,1,0,224,88,10,33,64,56,93,31,72,95,163,34,0,97,172,87,192,208,3,64,0,216,5,6,0,36,21,8,192,62,73,18,0,0,15,19,0,8,223,78,0,88,196,18,128,24,245,72,0,49,44,18,0,52,190,14,0,0,38,38,0,9,0,64,0,78,23,40,0,129,8,32,0,0,221,209,64,136,143,44,0,62,208,1,
224,216,126,0,192,21,0,153,16,251,191,95,16,15,192,52,28,194,119,0,144,177,81,27,192,129,64,65,32,230,25,19,28,96,155,3,8,202,94,48,192,5,176,184,0,160,7,148,72,164,16,33,0,128,1,0,192,133,4,118,0,137,162,21,0,160,184,42,0,93,187,151,128,144,31,8,0,16,50,232,0,2,240,55,128,3,142,0,88,32,238,101,192,244,110,138,64,0,40,4,
248,164,206,16,0,132,4,56,32,60,9,91,0,198,196,204,16,65,76,50,112,251,175,130,0,2,5,32,224,2,195,134,224,245,93,131,192,16,0,146,0,148,12,1,0,40,5,84,0,68,234,35,208,117,1,72,160,4,209,104,192,34,5,17,128,96,247,129,224,192,225,7,144,139,135,8,0,61,65,82,184,136,20,4,56,72,225,13,0,0,133,206,0,136,146,38,40,68,29,40,
16,240,224,0,0,144,72,127,92,4,74,12,0,240,161,58,0,76,28,13,0,1,148,65,0,160,10,72,0,176,16,190,32,3,143,161,16,128,127,16,0,82,5,4,16,49,138,25,240,207,46,32,0,242,59,69,0,116,39,146,160,65,131,226,128,52,192,99,0,185,128,31,128,128,14,16,64,133,12,0,192,129,210,18,112,133,130,85,28,184,31,8,0,238,34,28,0,112,136,199,
64,146,235,160,8,68,156,34,0,154,26,80,56,91,201,170,224,4,32,18,128,35,0,18,8,112,224,80,128,129,60,148,16,64,125,133,220,37,85,0,0,208,87,80,0,225,18,216,176,65,255,17,192,95,209,209,144,214,103,41,0,65,16,14,0,160,251,30,0,48,223,252,0,14,210,184,56,65,62,9,0,250,211,125,0,112,29,122,8,32,51,41,0,182,7,246,16,195,182,22,
0,183,175,136,0,64,248,131,144,2,1,0,32,32,21,10,28,64,93,8,240,17,12,140,64,58,100,11,0,72,9,100,64,0,241,6,216,2,116,10,128,67,51,170,0,4,242,3,0,158,60,96,0,144,185,130,0,76,26,88,112,168,181,16,0,67,171,78,0,30,28,112,216,86,213,82,0,80,64,58,92,160,167,43,0,96,180,8,0,4,96,80,0,228,179,14,128,184,240,18,
0,8,201,33,160,133,244,2,0,132,238,184,192,1,193,17,96,44,133,5,0,52,118,17,0,30,174,170,168,139,67,64,128,237,10,23,152,104,113,74,160,160,34,98,128,232,74,4,8,128,239,2,0,8,8,177,0,16,184,248,64,192,1,208,104,190,38,42,0,132,14,202,224,99,146,129,0,248,196,78,0,232,138,218,0,175,203,29,32,72,64,10,0,208,18,0,56,94,200,24,
0,72,13,5,128,187,11,93,28,79,240,1,8,48,89,65,0,94,156,44,0,80,224,132,0,0,81,49,0,32,18,32,0,185,153,1,0,224,14,0,0,80,58,4,64,4,240,115,0,24,52,75,0,8,0,0,156,111,2,81,0,84,64,84,208,35,179,8,32,174,212,36,64,65,152,176,112,225,38,94,0,0,168,169,16,176,205,4,0,27,29,226,16,186,200,144,128,175,126,1,
64,150,160,128,0,2,226,38,32,68,184,45,0,152,14,200,32,56,8,19,160,144,177,132,0,36,191,128,0,176,127,146,0,152,18,4,92,244,61,136,0,100,91,6,0,57,171,95,0,96,29,2,0,188,64,45,128,187,61,229,0,128,126,81,0,204,181,18,80,135,176,25,104,210,130,170,192,51,183,98,0,32,42,234,0,130,5,136,0,208,92,240,0,191,60,0,240,96,207,199,
0,130,17,72,48,133,103,174,64,159,68,86,240,131,168,17,0,255,158,191,0,2,0,24,56,116,237,106,192,170,123,65,112,30,128,40,0,208,16,1,0,80,33,136,192,177,160,70,0,71,65,0,192,83,128,138,0,29,109,1,128,0,133,210,0,4,8,8,64,32,199,61,32,33,229,0,0,4,19,253,0,156,97,177,0,160,104,14,0,238,227,43,0,112,212,32,224,9,160,16,
0,64,236,2,0,78,123,30,48,36,97,69,28,132,99,4,64,104,43,37,128,113,53,160,160,2,10,188,128,232,42,24,136,80,68,43,224,140,148,43,0,248,45,104,72,76,225,42,0,172,75,5,0,60,242,154,96,193,19,25,0,92,30,232,0,73,205,30,0,67,36,56,0,214,183,218,0,56,141,95,16,202,7,176,216,120,94,113,0,65,29,0,0,20,108,85,72,197,90,1,
0,20,0,9,0,200,66,137,128,178,204,49,0,210,3,4,240,1,69,86,128,224,183,11,224,48,184,184,0,112,52,35,0,32,28,65,16,251,65,80,28,84,33,166,16,65,74,52,136,248,210,211,32,0,103,4,28,128,168,212,0,202,17,84,192,203,101,4,0,64,233,7,0,80,10,68,0,2,9,36,64,224,207,131,0,129,53,0,0,100,123,103,0,200,154,6,0,0,13,119,
0,64,4,43,96,90,128,10,64,42,0,57,88,0,33,5,0,159,204,234,0,253,164,2,0,72,115,136,0,116,118,43,0,64,167,9,0,10,166,148,16,40,44,27,128,27,93,17,0,235,1,2,0,26,198,18,0,7,3,86,192,232,89,73,0,128,40,92,136,211,171,35,0,18,72,124,64,96,7,77,0,130,218,123,156,133,155,8,32,40,49,18,224,64,244,84,208,168,222,66,
0,0,182,15,0,208,148,113,0,96,85,114,0,224,66,242,0,46,41,26,40,16,154,42,0,88,241,98,64,116,30,63,28,0,20,71,56,4,0,68,0,40,43,9,0,95,45,216,64,224,240,1,48,53,82,1,0,135,162,80,176,36,59,86,192,37,129,4,128,2,58,141,0,24,117,140,192,51,2,165,0,0,42,7,0,176,176,6,16,65,0,156,160,220,22,4,32,232,59,28,
0,40,102,0,192,93,239,0,112,128,219,101,0,160,19,15,0,128,5,22,96,25,249,64,16,167,14,131,32,80,24,110,0,21,168,219,0,64,223,8,128,74,188,236,112,144,31,137,8,192,93,5,0,156,136,240,128,63,59,112,0,192,249,1,0,148,200,246,128,67,251,18,176,33,189,40,0,136,244,18,128,4,1,162,0,160,60,104,0,112,87,18,128,138,131,142,128,23,30,19,
56,1,8,68,0,134,30,193,0,129,2,26,72,34,119,208,128,94,192,37,0,128,132,19,0,8,0,30,128,7,17,134,0,8,18,66,128,133,224,8,192,47,33,7,8,224,112,161,0,4,0,151,224,146,222,16,64,0,0,74,0,212,164,13,0,7,253,31,32,75,112,36,0,66,181,65,0,231,144,5,16,11,125,20,112,56,45,45,0,8,226,246,16,72,121,12,0,148,23,27,
0,234,40,142,28,64,2,32,200,199,233,128,0,202,246,18,64,40,45,146,0,137,138,192,0,32,164,0,64,185,215,234,192,75,93,84,192,129,69,139,0,135,77,59,0,40,31,152,0,80,130,4,0,120,178,19,0,0,33,74,8,184,189,5,32,64,193,213,0,164,210,85,0,136,77,232,0,46,37,177,0,134,217,118,104,59,195,80,224,0,12,135,192,37,11,47,0,28,114,48,
0,0,68,69,32,192,152,68,64,75,220,1,224,193,134,146,224,94,16,4,0,80,95,149,0,133,33,72,0,68,189,237,64,4,218,234,0,224,75,75,0,167,5,85,48,61,230,57,0,192,1,197,0,236,204,196,16,8,128,2,0,130,39,128,0,156,61,51,0,64,195,64,0,144,64,228,0,0,10,153,156,63,8,65,0,208,26,2,0,21,6,234,0,0,21,0,128,60,136,4,
208,133,242,70,0,0,1,150,208,1,32,0,0,222,244,113,88,144,79,245,56,177,8,26,224,193,23,177,0,78,58,14,40,32,144,0,192,17,2,11,128,107,9,213,160,241,46,136,56,56,64,16,128,7,0,199,0,104,197,4,0,8,164,22,0,224,72,74,0,164,12,87,0,81,62,1,0,208,50,176,0,128,180,7,0,87,222,170,0,169,60,137,208,51,218,202,192,1,36,123,
16,193,10,73,0,0,240,5,40,130,62,10,208,71,225,16,208,1,106,4,32,189,222,18,64,64,25,43,48,193,161,223,192,80,65,36,240,38,153,54,8,2,130,2,64,30,131,184,248,195,216,164,128,32,21,75,128,83,57,80,0,200,191,193,128,51,219,162,16,142,90,0,0,110,20,4,56,132,202,10,0,208,203,66,112,16,33,34,64,66,11,240,160,84,229,151,0,8,0,18,
32,52,17,45,0,216,128,228,0,194,246,163,136,32,178,3,0,162,178,42,0,26,30,7,224,0,167,89,0,2,74,17,160,8,92,69,0,40,199,250,192,41,84,7,136,126,149,0,32,80,16,41,64,219,30,6,0,96,20,152,0,178,184,77,0,240,135,120,64,0,42,8,72,119,156,15,0,241,37,87,64,148,12,36,0,64,193,65,0,2,220,182,192,145,203,1,0,40,0,0,
0,194,163,211,16,188,131,116,88,0,160,159,0,203,0,141,0,225,136,83,48,1,65,10,0,66,23,174,64,210,91,15,128,3,200,40,0,144,0,20,0,72,176,38,128,4,16,63,224,0,203,11,0,85,117,0,0,4,96,112,144,255,43,189,52,114,154,18,0,224,185,17,88,35,4,194,0,36,14,32,0,78,0,4,8,160,164,22,0,124,165,112,64,44,58,0,0,32,69,180,
0,222,37,193,0,0,254,21,224,7,211,83,0,230,63,40,0,154,211,64,0,16,165,129,0,112,93,86,220,129,18,118,248,81,34,19,88,16,16,40,0,240,144,121,192,224,4,80,232,0,72,14,0,20,134,90,48,208,165,13,0,58,188,30,0,56,203,3,0,7,160,112,0,14,208,47,0,168,193,209,0,183,127,251,192,32,1,2,0,185,10,44,128,226,74,159,0,128,135,32,
144,93,95,233,160,132,167,196,128,155,68,88,0,176,51,35,64,4,3,18,0,220,128,77,0,16,0,8,0,2,0,1,56,160,160,86,0,102,86,8,0,52,85,64,40,68,6,0,0,96,28,16,0,138,31,223,224,73,103,123,0,160,34,62,0,64,56,37,64,18,47,29,0,40,1,1,0,0,65,100,0,32,80,220,16,40,81,19,0,196,1,6,0,149,7,72,240,227,69,7,
0,242,236,85,0,208,2,2,224,112,23,61,128,150,223,94,32,41,170,66,168,2,157,116,128,115,27,118,192,225,139,110,0,201,147,211,0,32,37,156,0,148,163,123,192,161,72,92,240,70,27,85,8,160,47,59,0,4,7,81,192,79,147,57,192,196,3,28,128,107,4,231,8,96,119,57,0,194,16,12,48,20,216,219,220,157,90,113,184,160,130,32,128,36,110,112,128,0,24,8,
64,70,186,119,48,52,164,247,0,88,199,4,32,34,24,49,128,192,175,95,0,41,153,17,0,200,18,208,0,136,14,14,224,14,29,14,0,119,5,75,128,97,168,56,0,96,53,226,0,62,23,35,0,33,8,152,208,108,186,231,0,7,128,184,0,240,5,32,216,13,251,255,224,134,8,141,0,208,51,142,72,66,193,124,128,59,41,4,0,56,160,90,64,2,178,57,0,21,54,231,
0,42,112,137,0,0,241,21,96,39,144,36,64,194,56,2,16,138,105,131,0,82,15,196,0,137,197,1,28,2,10,69,8,160,17,67,0,66,169,191,64,48,78,163,0,34,6,128,128,20,9,55,240,35,52,15,0,92,124,7,96,35,24,129,128,227,91,144,0,88,160,20,0,200,109,5,40,227,62,129,0,194,125,23,0,0,31,53,208,176,54,39,128,40,226,163,120,128,74,167,
0,168,2,85,64,202,159,164,160,214,219,243,152,7,31,144,0,228,172,0,224,9,43,135,0,0,244,79,32,2,136,196,0,146,12,84,32,192,229,170,0,66,131,158,192,90,5,63,0,72,0,50,0,0,8,2,0,232,53,0,64,200,130,0,0,33,43,182,0,119,0,0,32,49,40,5,128,85,64,64,160,7,170,101,0,176,198,35,224,136,24,2,64,132,138,47,0,196,183,168,
0,73,139,145,0,56,80,0,0,232,8,2,0,2,1,7,0,137,23,38,128,180,48,47,240,17,156,255,160,0,0,210,80,144,172,16,8,141,247,16,0,38,148,83,128,100,197,160,0,57,71,191,0,210,82,170,40,206,111,136,64,91,64,0,0,144,113,37,0,120,152,124,0,53,205,70,0,130,81,248,0,40,222,224,92,192,50,129,0,148,136,45,0,177,6,4,64,3,33,0,
0,212,159,187,0,39,104,57,240,64,87,0,0,228,242,85,96,24,7,134,0,144,6,134,64,208,164,144,0,128,12,39,28,64,136,31,144,66,58,132,0,31,177,126,32,253,138,2,0,194,229,46,48,84,250,151,192,100,187,28,240,170,200,127,0,28,131,28,136,25,13,130,0,32,185,34,0,22,64,7,0,80,113,73,0,19,42,134,64,28,81,8,144,172,45,65,0,55,253,10,
0,34,194,213,0,144,149,25,128,0,68,100,0,0,88,8,0,80,27,19,32,206,223,60,0,4,242,47,0,64,0,161,0,210,98,43,248,98,33,31,0,186,156,3,0,38,46,47,8,152,25,27,0,158,28,23,160,0,196,107,0,56,228,89,0,128,82,21,88,248,8,69,0,17,164,14,192,145,81,230,160,0,64,30,0,192,136,79,0,10,248,172,72,160,181,109,0,32,74,130,
0,32,123,233,32,83,3,0,0,85,64,39,0,66,97,38,128,182,55,5,0,126,32,69,64,45,50,17,56,114,0,82,0,64,0,106,0,57,5,0,0,112,55,169,48,3,250,230,0,70,90,21,0,200,21,8,64,251,213,23,0,74,0,112,160,43,141,18,0,16,44,124,48,162,140,255,192,244,36,0,16,215,91,37,16,169,46,142,28,40,23,79,0,144,107,5,208,127,12,234,
0,224,135,83,0,58,102,244,64,194,153,76,0,2,64,24,0,100,6,243,160,25,240,135,0,255,212,133,128,208,65,108,0,64,191,47,0,212,22,118,0,71,119,17,0,248,0,69,64,129,183,181,60,33,72,0,192,21,66,1,88,208,93,16,192,210,32,28,0,82,238,168,24,129,32,0,32,236,36,3,16,90,17,42,0,250,238,92,16,65,164,208,0,0,60,32,0,1,0,85,
0,7,81,0,0,23,130,0,128,18,175,18,32,136,150,57,160,237,169,253,0,0,113,14,0,59,36,72,32,169,254,84,92,179,175,87,0,84,252,123,0,168,16,240,192,248,42,240,0,128,160,187,224,88,145,154,56,0,14,23,32,10,150,12,0,16,143,95,32,128,24,87,144,228,70,100,128,135,2,136,224,32,106,132,16,26,120,65,0,136,158,2,64,39,224,12,128,232,11,7,
48,73,103,214,0,255,94,134,208,37,191,90,192,47,210,130,0,0,69,68,0,48,212,82,192,12,169,113,192,17,90,5,128,200,253,5,0,176,231,171,0,173,202,8,32,0,16,1,0,80,127,6,208,66,12,9,0,95,171,64,0,109,90,164,0,160,0,3,96,129,161,144,176,0,32,5,0,113,21,0,216,168,35,132,248,69,78,59,0,2,185,64,128,3,11,152,136,7,103,32,
